79 0 77
1770 0 104
79 1 104
77 1 104
79 1 900
79 1 903
29 1 1445
29 1 895
79 1 895
900 1 1506
90 1 1446
225 1 196
522 1 196
663 1 1012
196 1 1012
663 1 2020
196 1 2020
342 0 444
123 1 1256
1438 1 1256
473 1 1256
486 1 1256
95 1 1256
331 1 1256
123 1 1832
486 1 1832
95 1 1832
331 1 1832
886 1 1952
362 1 1952
668 1 1952
1256 1 1831
1257 1 1965
29 0 715
126 0 86
83 0 86
565 0 86
20 1 86
86 1 93
2256 0 1632
1373 0 1632
1762 0 1632
2256 0 1373
1632 0 1373
1762 0 1373
23 0 257
203 0 257
202 0 257
362 0 241
206 1 241
64 1 732
280 1 732
529 1 1261
732 1 1168
535 1 939
242 1 939
535 1 1991
529 1 1915
529 1 1993
1168 1 2957
1168 1 2001
759 1 2122
939 1 2004
938 1 2841
938 1 2724
279 1 2267
279 1 2035
429 0 954
199 1 954
984 1 954
2178 1 1547
954 1 1547
456 1 1547
2632 1 1184
456 1 1184
445 0 368
168 1 1178
368 1 1178
803 1 1178
776 1 1178
445 1 1178
3043 0 2583
368 0 445
123 0 37
486 0 37
558 0 37
245 1 37
486 0 123
37 0 123
245 1 123
152 1 713
131 1 884
486 1 827
37 1 712
360 1 712
152 1 712
127 1 864
712 0 711
127 1 711
884 1 1697
827 1 1143
713 1 1133
711 1 1694
750 1 1694
712 1 1694
827 1 1754
152 1 1754
486 1 1987
37 1 1987
95 1 1987
331 1 1987
131 1 2238
152 1 2238
1143 1 2756
179 1 85
64 1 668
280 1 668
1259 1 668
64 1 934
1262 1 934
280 1 934
1259 1 934
85 1 1573
584 1 1573
2106 1 1573
1064 1 1573
584 1 1072
668 1 1072
64 1 1424
1262 1 1424
280 1 1424
1259 1 1424
584 1 2204
1117 1 2204
1064 1 2162
1573 1 2162
1117 1 2475
249 0 212
76 0 212
173 0 212
136 0 212
249 0 136
76 0 136
173 0 136
212 0 136
249 0 173
76 0 173
136 0 173
212 0 173
478 0 199
1058 0 199
1082 0 199
984 0 199
356 0 199
212 1 199
478 0 356
1058 0 356
199 0 356
1082 0 356
984 0 356
136 1 356
212 1 356
212 0 249
3006 0 73
153 0 73
132 1 73
478 0 367
1058 0 367
1082 0 367
984 0 367
199 1 367
356 1 367
212 1 267
959 0 761
836 0 761
274 0 761
184 0 761
21 0 761
143 1 761
268 1 761
2731 0 945
478 1 945
199 1 945
1082 1 945
984 1 945
153 1 945
73 1 945
2178 0 836
2154 0 836
762 0 836
478 1 836
199 1 836
1082 1 836
984 1 836
2178 0 762
836 0 762
2154 0 762
274 0 762
478 1 762
199 1 762
1082 1 762
984 1 762
478 1 1142
2178 1 1142
199 1 1142
1082 1 1142
1755 0 376
1493 0 376
2310 0 376
478 1 376
199 1 376
984 1 376
954 0 429
267 1 429
2632 1 429
456 1 429
478 1 2128
199 1 2128
984 1 2128
478 1 1140
2178 1 1140
1082 1 1140
984 1 1140
153 1 1140
367 1 1140
73 1 1140
1755 1 1947
376 1 1947
1493 1 1947
836 1 1428
274 1 1428
761 1 1428
836 1 1427
267 1 2053
2632 1 2053
456 1 2053
836 1 997
478 1 677
984 1 677
153 1 677
367 1 677
73 1 677
1755 1 906
429 1 906
376 1 906
345 1 906
954 1 906
1493 1 906
511 1 1365
153 1 1365
585 1 1365
73 1 1365
394 1 1365
758 1 1365
478 1 961
2178 1 961
199 1 961
1082 1 961
388 1 961
478 1 1000
2178 1 1000
1082 1 1000
984 1 1000
367 1 1000
3240 0 1066
1686 0 1066
2954 0 1066
478 1 1066
511 1 1066
64 1 1066
984 1 1066
1617 1 1066
222 1 1066
307 1 1066
1262 1 1066
157 1 1066
585 1 1066
156 1 1066
261 1 1066
367 1 1066
1259 1 1066
567 1 1066
394 1 1066
758 1 1066
836 1 1377
836 1 2121
1142 1 2007
1333 1 2546
429 1 2924
1184 1 2924
2053 1 2924
954 1 2924
1333 1 1868
3006 1 1089
73 1 1089
906 1 1734
2309 0 1138
1895 0 1138
2178 1 1138
511 1 1138
64 1 1138
199 1 1138
1082 1 1138
984 1 1138
1617 1 1138
97 1 1138
222 1 1138
307 1 1138
1262 1 1138
157 1 1138
585 1 1138
81 1 1138
156 1 1138
261 1 1138
1259 1 1138
567 1 1138
394 1 1138
758 1 1138
791 1 1830
511 1 1830
97 1 1830
91 1 1830
585 1 1830
81 1 1830
394 1 1830
758 1 1830
951 1 1830
791 1 1997
511 1 1997
585 1 1997
1578 1 1997
394 1 1997
758 1 1997
961 1 2169
767 1 2169
706 1 2169
1549 1 3283
791 1 2028
511 1 2028
97 1 2028
91 1 2028
585 1 2028
81 1 2028
394 1 2028
945 1 2028
758 1 2028
951 1 2028
1941 1 2852
2310 1 2852
677 1 1167
478 1 2147
511 1 2147
64 1 2147
199 1 2147
984 1 2147
1617 1 2147
97 1 2147
222 1 2147
307 1 2147
1262 1 2147
157 1 2147
585 1 2147
81 1 2147
156 1 2147
261 1 2147
1259 1 2147
567 1 2147
394 1 2147
758 1 2147
906 1 2626
791 1 2190
511 1 2190
97 1 2190
91 1 2190
585 1 2190
81 1 2190
394 1 2190
758 1 2190
951 1 2190
2817 1 2819
202 0 23
23 0 202
1689 0 31
97 0 91
585 0 91
81 0 91
1661 0 1042
31 1 1042
31 1 1057
31 1 1056
956 0 1102
222 1 1102
23 1 1102
157 1 1102
156 1 1102
261 1 1102
23 1 1531
585 1 1531
202 1 1531
394 1 1531
31 1 2211
23 1 1533
956 1 1533
1102 1 1533
2274 1 1533
20 0 126
83 0 126
126 0 83
20 0 83
126 1 523
20 1 523
83 1 523
2830 0 565
86 0 565
126 1 565
20 1 565
83 1 565
134 0 204
132 0 204
261 0 204
559 0 204
257 0 203
511 0 203
23 0 203
202 0 203
126 1 819
20 1 819
83 1 819
204 1 417
134 1 417
523 1 417
132 1 417
261 1 417
559 1 417
204 1 418
134 1 418
523 1 418
132 1 418
261 1 418
565 1 418
559 1 418
953 0 570
126 1 570
511 1 570
20 1 570
23 1 570
203 1 570
202 1 570
83 1 570
953 1 683
204 1 683
134 1 683
132 1 683
261 1 683
570 1 683
559 1 683
1599 0 1160
204 1 1160
134 1 1160
523 1 1160
132 1 1160
261 1 1160
559 1 1160
204 1 1710
64 1 1710
523 1 1710
307 1 1710
157 1 1710
156 1 1710
280 1 1710
567 1 1710
565 1 1710
1768 0 689
204 1 689
134 1 689
523 1 689
132 1 689
261 1 689
559 1 689
204 1 1100
134 1 1100
132 1 1100
261 1 1100
565 1 1100
559 1 1100
204 1 685
134 1 685
523 1 685
132 1 685
86 1 685
261 1 685
565 1 685
559 1 685
204 1 416
134 1 416
523 1 416
132 1 416
261 1 416
559 1 416
204 1 1444
134 1 1444
523 1 1444
132 1 1444
261 1 1444
570 1 1444
559 1 1444
204 1 1817
134 1 1817
523 1 1817
132 1 1817
261 1 1817
570 1 1817
559 1 1817
1525 0 2052
523 1 2052
523 1 1086
417 1 1207
683 1 1207
418 1 1207
1100 1 1698
417 1 1698
570 1 1698
418 1 1698
1986 0 1879
685 1 1879
417 1 1879
418 1 1879
416 1 1206
417 1 1206
570 1 1206
418 1 1206
417 1 2796
570 1 2796
418 1 2796
417 1 1702
570 1 1702
418 1 1702
417 1 1634
417 1 1786
418 1 1786
64 1 824
280 1 824
525 1 201
379 1 201
525 1 205
379 1 205
1250 0 636
1498 0 636
280 1 636
1259 1 636
136 1 456
201 1 456
212 1 456
205 1 883
636 1 1095
824 1 1095
1574 0 1252
1537 0 1252
1772 1 1217
824 1 1217
636 1 1721
636 1 1279
205 1 1969
869 1 1969
2011 0 1520
205 1 1520
869 1 1520
636 1 1975
585 1 1975
758 1 1975
1772 1 2704
1772 1 2166
1721 1 2900
585 1 2900
758 1 2900
636 1 1759
1717 1 2043
205 1 2681
525 0 379
178 1 379
366 1 935
183 1 935
1713 0 1718
2092 0 1718
1635 0 1718
468 1 1382
58 1 1384
58 1 1211
58 1 3055
58 1 3321
4 1 1181
672 1 1181
162 1 1181
2045 1 1181
2620 1 1181
691 1 1181
4 1 1034
672 1 1034
162 1 1034
2045 1 1034
2620 1 1034
691 1 1034
162 1 1106
4 1 1824
672 1 1824
162 1 1824
2045 1 1824
2620 1 1824
691 1 1824
4 1 1035
672 1 1035
162 1 1035
2045 1 1035
2620 1 1035
691 1 1035
4 1 1122
672 1 1122
162 1 1122
2045 1 1122
2620 1 1122
691 1 1122
143 1 384
268 1 384
1396 0 998
354 1 998
126 1 1869
83 1 1869
141 0 183
65 0 183
184 0 183
65 1 183
143 1 183
268 1 183
959 0 21
274 0 21
184 0 21
268 1 21
274 0 959
761 0 959
184 0 959
21 0 959
74 1 959
143 1 959
268 1 959
184 0 330
143 1 330
268 1 330
559 1 304
241 1 928
642 1 928
306 1 1028
1241 1 1749
856 1 1749
1240 1 1749
802 0 1516
25 0 61
685 0 90
79 1 90
77 1 90
685 0 714
90 0 714
79 1 714
77 1 714
90 1 714
1183 0 1295
950 0 1295
90 1 1295
3262 0 1083
685 0 1083
1530 0 1083
1745 0 1083
90 1 1083
3262 0 1745
685 0 1745
1530 0 1745
1083 0 1745
90 1 1745
1196 0 1298
90 1 1298
1298 0 1196
90 1 1196
79 1 1597
77 1 1597
3262 1 2416
1083 1 2416
1745 1 2416
1121 1 2416
3262 1 2030
90 1 1053
3262 1 2005
79 1 2005
90 1 2005
79 1 2129
3262 1 2172
3262 1 2130
3262 1 2787
79 1 2787
912 1 1891
360 1 1891
599 1 1894
360 1 1894
1321 1 1890
2134 1 2038
437 1 2038
181 1 2038
1369 1 2038
947 1 2116
181 1 2116
84 0 107
111 0 12
158 0 22
42 1 515
444 0 342
1516 0 802
2963 0 2764
2798 0 2816
1131 0 956
585 1 1154
732 1 1154
1258 1 1154
758 1 1154
28 0 1061
1531 1 1061
781 1 1061
975 1 1061
781 1 1689
956 1 1448
959 0 274
836 0 274
761 0 274
762 0 274
184 0 274
21 0 274
74 1 274
143 1 274
268 1 274
199 1 334
1082 1 334
199 1 745
1082 1 745
75 1 699
72 1 699
478 1 960
199 1 960
1082 1 960
984 1 960
745 1 1460
75 1 1460
935 1 1460
334 1 1460
345 1 1733
699 1 1277
1278 1 1277
2178 1 1938
745 1 1938
836 1 1938
334 1 1938
2445 1 1555
257 1 1555
75 1 1555
212 1 1555
75 1 2278
334 1 3253
321 1 967
1403 1 2880
1012 1 2880
355 0 329
329 1 790
790 1 1173
1173 1 1357
1173 1 2641
352 1 665
665 1 897
897 1 1276
1276 1 1087
238 1 361
361 1 424
822 1 1127
603 1 1127
227 1 536
536 1 907
1393 1 1229
1309 1 1229
353 1 718
718 1 1157
234 1 321
321 1 264
264 1 441
441 1 407
137 1 383
383 1 339
614 1 344
751 1 344
410 1 3187
329 0 355
355 1 786
786 1 1169
1169 1 1640
1 1 6
6 1 11
17 1 26
372 1 789
789 1 1386
1386 1 1910
1910 1 2280
449 1 1224
1224 1 1500
1500 1 2322
2322 1 2956
244 1 94
244 1 41
908 0 39
244 1 39
95 0 331
245 1 331
177 1 922
94 1 922
151 1 922
146 1 922
244 1 971
870 1 1317
879 1 1317
870 1 1215
879 1 1328
1271 1 1328
151 1 1953
146 1 1953
870 1 1397
879 1 1397
909 1 1397
879 1 1683
94 1 1876
146 1 1876
177 1 1703
971 1 1705
971 1 1753
1317 1 1966
1725 1 2721
1487 1 2721
1328 1 2104
1286 1 2148
1328 1 2148
1397 1 2148
879 1 2353
909 1 2353
879 1 1913
1953 1 1736
909 1 1736
879 1 1620
1844 1 2853
1421 1 2789
1739 1 2789
1683 1 2789
1683 1 2227
1514 1 2120
1703 1 2120
1705 1 2326
910 1 2733
3006 0 153
1044 0 153
73 0 153
132 1 153
280 0 156
261 0 156
567 0 156
132 1 156
64 0 157
222 0 157
307 0 157
559 0 157
132 1 157
904 0 508
307 0 508
64 1 508
222 1 508
157 1 508
64 0 132
134 0 132
222 0 132
307 0 132
157 0 132
156 0 132
280 0 132
261 0 132
567 0 132
559 0 132
1617 0 261
1262 0 261
156 0 261
280 0 261
567 0 261
132 1 261
64 0 134
222 0 134
307 0 134
157 0 134
280 0 134
559 0 134
904 0 64
222 0 64
307 0 64
157 0 64
559 0 64
1080 0 64
132 1 64
1617 0 280
1262 0 280
156 0 280
261 0 280
1259 0 280
567 0 280
1080 0 280
64 1 280
222 1 280
157 1 280
64 0 307
904 0 307
222 0 307
157 0 307
1259 0 307
1469 0 307
64 0 222
307 0 222
157 0 222
559 0 222
1080 0 222
132 1 222
746 0 431
1617 1 431
1262 1 431
156 1 431
280 1 431
567 1 431
431 0 746
1617 1 746
1262 1 746
156 1 746
280 1 746
567 1 746
904 0 507
1343 0 507
747 0 507
64 1 507
222 1 507
307 1 507
157 1 507
1158 0 1054
3006 1 1054
153 1 1054
73 1 1054
1054 0 1158
3006 1 1158
153 1 1158
73 1 1158
732 0 537
1633 0 537
1424 0 537
1398 0 537
64 1 537
1617 1 537
222 1 537
307 1 537
1262 1 537
157 1 537
156 1 537
280 1 537
261 1 537
567 1 537
559 1 537
3006 1 373
1617 1 373
1262 1 373
153 1 373
156 1 373
280 1 373
261 1 373
73 1 373
567 1 373
585 0 511
732 0 511
394 0 511
64 1 511
222 1 511
307 1 511
157 1 511
559 1 511
64 0 904
508 0 904
307 0 904
507 0 904
747 0 904
1469 0 904
134 1 904
222 1 904
157 1 904
559 1 904
64 0 1080
222 0 1080
280 0 1080
1259 0 1080
1617 1 1080
307 1 1080
567 1 1080
1164 0 866
1343 0 866
507 1 866
747 1 866
1323 0 1452
1164 1 1452
866 1 1452
508 1 1452
307 1 1452
1469 1 1452
3006 1 1163
153 1 1163
73 1 1163
1164 1 1933
866 1 1933
508 1 1933
307 1 1933
1469 1 1933
64 1 1097
1617 1 1097
222 1 1097
508 1 1097
307 1 1097
1262 1 1097
507 1 1097
747 1 1097
156 1 1097
280 1 1097
261 1 1097
567 1 1097
1469 1 1097
1102 0 1131
2274 0 1131
64 1 1131
904 1 1131
508 1 1131
307 1 1131
280 1 1131
1469 1 1131
973 0 1159
511 1 1159
156 1 1159
261 1 1159
567 1 1159
394 1 1159
64 1 1098
904 1 1098
508 1 1098
507 1 1098
747 1 1098
280 1 1098
1469 1 1098
1158 1 2950
507 1 2950
747 1 2950
1054 1 2950
249 1 963
511 1 963
585 1 963
173 1 963
136 1 963
394 1 963
212 1 963
1367 1 2013
1097 1 1543
537 1 1820
431 1 1820
746 1 1820
1398 1 1820
1453 1 2927
1452 1 2019
1323 1 2019
1933 1 2012
1160 0 1599
511 1 1599
1131 1 1599
585 1 1599
394 1 1599
799 1 1599
1102 1 1599
2274 1 1599
537 1 2253
904 1 1986
508 1 1986
307 1 1986
280 1 1986
963 1 1986
1469 1 1986
1324 1 3301
1131 1 3010
1986 1 3237
1262 1 634
1259 1 634
473 0 159
62 1 639
1556 1 1878
1282 1 2146
1282 1 1979
362 1 1840
634 1 1846
64 1 1019
2767 0 2171
636 1 2171
1279 1 2171
634 1 2171
1630 0 19
19 0 114
1630 0 114
1063 0 890
19 1 890
890 0 1063
19 1 1063
19 1 1048
19 1 1442
1191 0 1797
905 0 1797
19 1 1797
19 1 1853
19 1 1587
114 1 1587
19 1 1944
114 1 1944
129 1 451
179 1 451
178 1 451
129 1 377
179 1 377
178 1 377
377 1 1114
473 1 1114
129 1 1114
783 1 1232
473 1 1232
123 1 1438
473 1 1438
486 1 1438
129 1 1438
785 1 1148
782 1 1957
784 1 1959
451 1 2837
32 0 180
32 1 88
32 1 92
1246 0 89
32 1 89
32 1 1118
32 1 1180
88 1 1860
32 1 1860
1412 1 2194
2194 1 2836
140 1 255
1839 0 404
1287 0 422
1587 0 1135
271 0 754
404 1 1020
499 1 1020
1522 0 932
933 0 932
403 1 1700
400 1 1700
255 1 1700
841 0 1983
404 1 2712
1605 1 3032
2870 0 2773
1700 1 2773
2773 0 2870
242 1 2181
306 0 318
62 0 318
179 1 318
178 1 318
62 0 317
179 1 317
178 1 317
62 0 179
318 0 179
317 0 179
300 0 178
496 0 178
493 0 178
306 0 62
318 0 62
317 0 62
179 1 62
178 1 62
496 0 300
493 0 300
179 1 300
178 1 300
62 0 306
318 0 306
1241 0 856
300 1 856
64 1 856
1617 1 856
1262 1 856
157 1 856
156 1 856
1259 1 856
567 1 856
493 1 856
856 0 1241
300 1 1241
306 1 1241
493 1 1241
1548 0 1026
300 1 1026
64 1 1026
1617 1 1026
496 1 1026
1262 1 1026
157 1 1026
156 1 1026
1259 1 1026
567 1 1026
64 1 847
1617 1 847
306 1 847
62 1 847
1262 1 847
318 1 847
157 1 847
156 1 847
1259 1 847
567 1 847
300 1 1079
306 1 1079
496 1 1079
62 1 1079
318 1 1079
317 1 1079
493 1 1079
62 1 1029
157 1 1029
317 1 1029
493 1 1029
300 1 1977
496 1 1977
386 1 1977
1079 1 1553
1026 1 2057
2534 0 1119
1241 1 1119
856 1 1119
1240 0 2011
1241 1 2011
856 1 2011
857 1 1571
2599 1 1571
783 1 2855
1026 1 2855
2011 1 2855
1240 1 2855
1026 1 2868
857 1 1124
1029 1 2041
1010 1 2876
2639 1 2876
1124 1 2888
1010 1 3315
1520 1 3315
2855 1 3315
2658 1 2939
144 0 2910
2910 1 1092
144 1 1092
2329 1 1162
735 1 1162
717 0 814
3162 0 2647
119 1 597
56 1 597
56 1 605
56 1 613
56 1 596
56 1 533
743 0 120
56 1 120
119 1 1246
56 1 1246
597 1 1246
533 1 1109
56 1 1109
56 1 1043
56 1 1332
120 1 1332
119 1 1746
613 1 1746
56 1 1746
597 1 1746
119 1 2257
613 1 2257
56 1 2257
597 1 2257
119 1 1406
533 1 1406
56 1 1406
597 1 1406
119 1 1248
533 1 1248
56 1 1248
597 1 1248
119 1 1751
596 1 1751
56 1 1751
597 1 1751
119 1 1289
56 1 1289
597 1 1289
119 1 2293
56 1 2293
597 1 2293
1043 1 2293
119 1 1880
56 1 1880
120 1 1880
597 1 1880
119 1 1829
605 1 1829
56 1 1829
120 1 1829
597 1 1829
119 1 2131
605 1 2131
613 1 2131
56 1 2131
120 1 2131
597 1 2131
119 1 2952
605 1 2952
56 1 2952
120 1 2952
597 1 2952
119 1 1926
605 1 1926
56 1 1926
120 1 1926
597 1 1926
119 1 2133
596 1 2133
605 1 2133
56 1 2133
120 1 2133
597 1 2133
119 1 3094
605 1 3094
56 1 3094
120 1 3094
597 1 3094
119 1 2540
605 1 2540
56 1 2540
120 1 2540
597 1 2540
119 1 2483
605 1 2483
56 1 2483
120 1 2483
597 1 2483
119 1 3048
533 1 3048
605 1 3048
56 1 3048
120 1 3048
597 1 3048
119 1 2959
597 1 2959
1274 1 2839
12 0 111
1530 1 2903
1238 1 1730
248 1 1067
958 1 1126
966 1 1126
692 1 1729
1238 1 1731
692 1 1731
602 1 2774
1729 1 1936
1729 1 1837
1067 1 2277
958 1 2738
1067 1 2738
61 0 25
13 1 1311
814 0 717
640 1 1299
97 1 1866
119 1 1866
585 1 1866
203 1 1866
81 1 1866
1258 1 1866
1311 1 1866
169 0 30
138 0 0
259 0 440
97 0 81
91 0 81
585 0 81
203 0 81
732 0 81
1424 0 81
132 1 81
91 0 97
585 0 97
203 0 97
81 0 97
732 0 97
1424 0 97
511 0 394
585 0 394
732 0 394
64 1 394
222 1 394
307 1 394
157 1 394
559 1 394
511 1 951
585 1 951
394 1 951
511 1 643
97 1 643
585 1 643
81 1 643
394 1 643
511 0 585
97 0 585
91 0 585
203 0 585
81 0 585
732 0 585
394 0 585
64 1 585
222 1 585
307 1 585
157 1 585
559 1 585
570 0 953
511 1 953
585 1 953
394 1 953
585 1 1850
951 1 1850
1159 0 973
511 1 973
156 1 973
261 1 973
567 1 973
394 1 973
511 1 1707
394 1 1707
951 1 1707
951 1 2229
951 1 1899
953 1 1823
951 1 1822
1821 1 1916
951 1 1916
953 1 3003
394 1 2142
394 1 2143
951 1 2143
57 1 102
57 1 100
57 1 1051
57 1 122
102 1 122
100 1 122
99 1 122
122 1 1650
57 1 1068
57 1 1021
57 1 1726
102 1 1726
100 1 1726
1650 1 1726
99 1 1726
57 1 1529
102 1 1529
122 1 1529
100 1 1529
99 1 1529
57 1 1728
119 1 1728
102 1 1728
122 1 1728
100 1 1728
13 1 1728
99 1 1728
1051 1 1728
57 1 1845
102 1 1845
100 1 1845
1650 1 1845
99 1 1845
1168 1 2003
118 1 399
118 1 944
118 1 2501
4 1 1390
118 1 1390
118 1 1038
118 1 964
118 1 1433
3290 0 2951
2128 1 2951
1514 1 2951
173 1 2951
1325 1 2951
212 1 2951
79 1 474
903 1 2754
1505 1 2754
225 1 663
522 1 663
663 1 1403
196 1 1403
663 1 2593
196 1 2593
532 1 1011
1341 1 1011
1246 1 1337
1215 0 896
636 0 1257
280 1 1257
300 1 1642
280 1 1642
886 1 1642
362 1 1642
668 1 1642
1632 0 2256
1373 0 2256
1762 0 2256
529 1 936
241 1 759
242 1 535
535 1 938
1168 1 2264
535 1 2337
732 1 2337
529 1 3233
529 1 3077
529 1 1375
936 1 1375
242 1 1451
2724 0 1429
279 1 1260
803 0 776
214 1 2436
1502 1 2436
1222 1 2436
448 1 2436
1503 1 2436
2583 0 3043
776 0 803
2878 0 3355
214 1 1222
448 1 1222
123 0 486
37 0 486
245 1 486
37 0 558
245 1 558
245 1 503
827 1 1449
827 1 1244
713 1 1536
1489 1 2477
152 1 1501
884 1 1501
711 1 1709
712 1 1709
713 1 1450
47 1 1519
1697 1 2236
1694 1 2217
1694 1 2702
827 1 1779
486 1 1779
713 1 1779
152 1 1779
827 1 2250
1244 1 2250
1143 1 2791
584 1 1572
1117 1 1572
826 1 1572
1573 1 1572
668 1 1572
1117 1 2002
1573 1 2002
934 1 2412
1117 1 2114
1117 1 1616
1117 1 2508
1573 1 2508
1573 1 2016
1058 0 478
199 0 478
1082 0 478
984 0 478
367 0 478
356 0 478
249 1 478
173 1 478
212 1 478
212 1 345
429 1 1549
954 1 1549
836 1 1334
64 1 1464
199 1 1464
1082 1 1464
984 1 1464
1617 1 1464
222 1 1464
307 1 1464
1262 1 1464
157 1 1464
156 1 1464
261 1 1464
1259 1 1464
567 1 1464
478 1 1333
984 1 1333
2731 1 1333
367 1 1333
945 1 1333
478 1 679
1082 1 679
984 1 679
367 1 679
153 1 1626
73 1 1626
64 1 1458
1617 1 1458
222 1 1458
307 1 1458
1262 1 1458
157 1 1458
156 1 1458
261 1 1458
1259 1 1458
1000 1 1458
567 1 1458
179 1 1458
478 1 791
984 1 791
153 1 791
367 1 791
73 1 791
478 1 1578
984 1 1578
367 1 1578
1000 1 1422
836 1 2572
1377 1 1378
478 1 2471
2178 1 2471
1082 1 2471
984 1 2471
367 1 2471
1912 1 2340
922 1 3258
2128 1 3258
3235 0 2485
511 1 2485
1755 1 2485
585 1 2485
376 1 2485
394 1 2485
1493 1 2485
758 1 2485
2053 1 1418
677 1 1418
478 1 1732
984 1 1732
153 1 1732
367 1 1732
73 1 1732
345 1 1732
1015 1 2511
1578 1 2511
791 1 2383
1000 1 1457
64 1 2512
1617 1 2512
222 1 2512
307 1 2512
1262 1 2512
157 1 2512
156 1 2512
261 1 2512
1015 1 2512
1259 1 2512
567 1 2512
2471 1 3153
2007 1 3153
2924 1 3255
1089 1 1510
906 1 2708
836 1 2628
153 1 2628
73 1 2628
836 1 3221
429 1 3221
954 1 3221
906 1 2039
23 1 1372
956 1 1372
1102 1 1372
2274 1 1372
31 1 3049
523 1 1525
523 1 1388
958 0 1742
2440 0 1742
204 1 1742
134 1 1742
523 1 1742
132 1 1742
261 1 1742
559 1 1742
523 1 1304
570 1 1304
565 1 1304
523 1 686
1160 1 1208
689 1 1208
417 1 1208
418 1 1208
585 0 758
64 1 758
280 1 758
1259 1 758
1217 1 2502
3095 0 2310
585 1 2310
758 1 2310
1138 0 2309
1617 1 2309
1895 1 2309
1088 1 2309
567 1 2309
1975 1 2309
2632 1 1784
456 1 1784
1279 1 2258
1279 1 2542
201 1 2591
2631 1 2591
201 1 2523
205 1 2523
2631 1 2523
869 1 2523
205 1 1656
1717 1 2441
636 1 2495
1257 1 2495
2485 0 3235
1755 1 3235
2310 1 3235
1520 1 2867
58 1 1488
58 1 2503
986 1 2698
58 1 2698
4 1 672
4 1 691
4 1 728
118 1 728
58 1 728
4 1 1579
672 1 1579
162 1 1579
2045 1 1579
2620 1 1579
691 1 1579
4 1 1313
672 1 1313
162 1 1313
2045 1 1313
2620 1 1313
691 1 1313
4 1 1580
672 1 1580
162 1 1580
2045 1 1580
2620 1 1580
691 1 1580
4 1 1389
672 1 1389
162 1 1389
2045 1 1389
2620 1 1389
691 1 1389
998 1 2362
310 1 642
928 0 547
642 0 547
928 1 1355
547 1 1355
308 1 610
568 1 610
247 0 430
810 0 1517
3262 1 2244
1083 1 2244
1745 1 2244
1121 1 2244
3262 1 1889
90 1 1889
3262 1 2029
1083 1 2029
1745 1 2029
1121 1 2029
81 1 1996
90 1 1740
95 1 1319
360 1 1319
146 1 1319
95 1 1321
146 1 1321
1894 1 3128
1892 1 3127
1893 1 3127
1890 1 2842
870 1 2842
1039 1 1461
2364 1 2890
181 1 2890
2576 1 2890
479 1 2890
1540 1 3333
930 1 3333
396 1 3333
415 1 3333
181 1 3333
694 1 3333
1540 1 3132
396 1 3132
415 1 3132
181 1 3132
694 1 3132
105 0 18
42 1 517
42 1 644
166 1 1316
188 1 1316
1517 0 810
2208 0 2444
2273 0 2213
1145 1 2446
585 1 781
732 1 781
1258 1 781
758 1 781
585 1 821
732 1 821
1258 1 821
758 1 821
956 1 1661
781 1 1661
1154 1 2351
274 1 390
2445 1 1339
257 1 1339
75 1 1339
212 1 1339
75 1 1768
541 1 1768
334 1 1768
699 1 1575
1278 1 1575
249 0 674
173 0 674
136 0 674
212 0 674
945 0 2731
212 1 2731
128 1 721
264 1 968
721 1 968
264 1 2109
1403 1 3176
1012 1 3176
2641 1 3228
1087 1 1592
822 0 603
424 1 603
603 0 822
424 1 822
1127 1 1417
1393 0 1309
907 1 1309
1309 0 1393
907 1 1393
1229 1 2621
407 1 775
751 0 614
339 1 614
614 0 751
339 1 751
344 1 734
11 1 17
26 1 36
2280 1 1584
870 1 1288
1215 1 1288
870 1 1329
879 1 1329
1271 1 1329
870 1 1286
879 1 1286
909 1 1286
922 1 1514
2128 1 1514
173 1 1514
1325 1 1514
212 1 1514
909 1 1514
94 1 2373
146 1 2373
146 1 1526
879 1 1877
971 1 1486
1421 1 1352
177 1 1352
910 1 1352
908 1 1352
908 1 1426
910 1 1886
998 0 1396
910 1 1396
1317 1 2047
1288 1 3021
1215 1 3021
1317 1 1896
1286 1 1978
1397 1 1978
909 1 2397
132 1 2404
146 1 2404
879 1 2297
909 1 2297
1953 1 2642
1514 1 2642
1325 1 1885
971 1 2260
998 1 2260
1396 1 2260
1705 1 2489
1486 1 2490
971 1 2490
64 0 559
222 0 559
157 0 559
132 1 559
1617 0 567
1262 0 567
156 0 567
280 0 567
261 0 567
904 0 747
507 0 747
64 1 747
222 1 747
307 1 747
157 1 747
3006 1 1456
64 1 1456
1617 1 1456
307 1 1456
1262 1 1456
153 1 1456
157 1 1456
156 1 1456
280 1 1456
73 1 1456
567 1 1456
866 0 1164
507 1 1164
747 1 1164
1452 0 1323
1164 1 1323
866 1 1323
508 1 1323
307 1 1323
1469 1 1323
1158 1 1367
431 1 1367
1054 1 1367
746 1 1367
1158 0 2200
1054 0 2200
431 1 2200
746 1 2200
1633 0 1567
511 1 1567
64 1 1567
904 1 1567
537 1 1567
508 1 1567
307 1 1567
585 1 1567
280 1 1567
394 1 1567
1469 1 1567
373 1 1453
1102 0 799
2274 0 799
1617 1 799
1262 1 799
156 1 799
280 1 799
261 1 799
567 1 799
922 1 2378
511 1 2378
585 1 2378
394 1 2378
1453 1 2378
1164 1 2335
866 1 2335
1163 1 2335
1933 1 2638
1164 1 1566
431 1 1566
866 1 1566
746 1 1566
2283 0 2255
973 1 2255
1159 1 2255
1097 1 2693
799 1 1883
1102 1 1883
2274 1 1883
1840 0 2516
537 1 2516
1097 1 2516
1398 1 2516
1452 1 2587
1158 1 2587
1323 1 2587
1054 1 2587
1933 1 1324
1324 1 2334
1933 1 2334
1163 1 2996
2335 1 2996
863 1 1556
362 1 1291
1282 1 2480
362 1 1290
159 1 829
64 1 1633
1262 1 1633
1259 1 1633
1128 1 2507
362 1 2450
634 1 2588
159 1 1470
1279 1 3192
634 1 3192
2594 0 3194
19 1 1033
1191 0 905
1797 0 905
19 1 905
1797 0 1191
905 0 1191
19 1 1191
19 1 1146
1599 0 2336
1160 0 2336
20 1 2336
19 1 2336
446 1 2336
19 1 1858
114 1 1858
179 1 473
178 1 473
377 1 782
129 1 782
451 1 783
473 1 783
129 1 783
451 1 785
473 1 785
129 1 785
451 1 784
473 1 784
1438 1 2426
1528 1 2557
1438 1 2557
1256 1 2557
783 1 1641
785 1 1641
1918 0 2566
451 1 2566
785 1 2566
785 1 2786
32 1 1485
1252 0 1537
1574 0 1537
992 1 1413
635 1 2177
994 1 1412
1171 1 1243
2836 1 3104
499 1 1605
1690 0 421
754 1 2735
255 1 3051
466 1 326
300 0 496
179 1 496
178 1 496
300 0 493
179 1 493
178 1 493
2011 0 1240
306 1 1240
493 1 1240
824 1 1253
857 1 1010
1241 1 1010
856 1 1010
1241 1 2637
856 1 2637
857 1 2599
783 1 2640
1026 1 2640
2011 1 2640
1240 1 2640
1026 1 2639
1010 1 2639
2640 1 2639
2011 1 2639
1240 1 2639
856 1 2608
847 1 2608
1489 1 2634
1026 1 2658
1977 1 2658
824 1 2658
2011 1 2922
2057 1 2607
2637 1 3101
1010 1 2675
1119 1 2675
2640 1 2529
2011 1 2529
2855 1 2529
2057 1 3207
1124 1 2636
1010 1 3247
1124 1 3247
2329 1 1308
735 1 1308
924 1 2415
119 1 995
56 1 995
613 1 2553
56 1 2553
605 1 1361
613 1 1361
56 1 1361
613 1 2285
56 1 2285
596 1 1297
56 1 1297
119 1 2284
596 1 2284
56 1 2284
597 1 2284
119 1 1199
613 1 1199
56 1 1199
597 1 1199
119 1 2286
596 1 2286
605 1 2286
56 1 2286
120 1 2286
597 1 2286
119 1 2199
533 1 2199
605 1 2199
56 1 2199
120 1 2199
597 1 2199
119 1 3084
605 1 3084
613 1 3084
56 1 3084
120 1 3084
597 1 3084
119 1 2242
605 1 2242
56 1 2242
120 1 2242
597 1 2242
119 1 2243
533 1 2243
605 1 2243
56 1 2243
120 1 2243
597 1 2243
119 1 2433
605 1 2433
56 1 2433
120 1 2433
597 1 2433
119 1 2291
605 1 2291
56 1 2291
120 1 2291
597 1 2291
1043 1 2291
119 1 1795
596 1 1795
533 1 1795
605 1 1795
56 1 1795
120 1 1795
597 1 1795
119 1 2579
597 1 2579
2906 1 3350
430 0 247
942 0 482
1005 1 1816
7 1 929
64 1 1530
508 1 1530
307 1 1530
963 1 1530
1469 1 1530
1126 1 1631
602 1 1467
3135 0 2225
966 1 2225
692 1 2225
625 1 2315
1729 1 2318
625 1 1466
1067 1 2567
1936 1 3050
1837 1 3050
1936 1 2609
1729 1 2609
1837 1 2609
1067 1 2276
2444 0 2208
167 1 640
300 1 1489
493 1 1489
152 1 1489
1299 1 1300
47 1 1523
585 1 1374
951 1 1374
953 1 1897
953 1 1615
511 1 1399
585 1 1399
173 1 1399
136 1 1399
394 1 1399
212 1 1399
2255 0 2283
973 1 2283
1159 1 2283
953 1 1629
953 1 2405
953 1 1400
57 1 696
57 1 1368
120 0 743
57 1 1727
102 1 1727
122 1 1727
100 1 1727
99 1 1727
57 1 2859
102 1 2859
122 1 2859
100 1 2859
99 1 2859
57 1 2377
102 1 2377
122 1 2377
100 1 2377
99 1 2377
118 1 1249
118 1 1023
118 1 598
118 1 1607
118 1 757
118 1 738
118 1 1434
4 1 2088
118 1 2088
711 1 1611
713 1 1611
998 1 2677
264 1 1655
827 1 1613
864 1 1613
884 1 1613
971 1 2687
910 1 2687
257 1 902
222 1 902
157 1 902
212 1 902
1949 0 830
3355 0 2878
315 1 1948
830 0 1949
1501 1 2822
1754 1 2822
1501 1 2113
1536 1 2113
1064 1 1778
1424 1 1778
212 0 76
442 1 2075
1422 1 2075
677 1 1366
1617 1 3267
585 1 3267
156 1 3267
280 1 3267
261 1 3267
567 1 3267
394 1 3267
677 1 3267
1042 1 1942
523 1 1076
565 1 1076
523 1 1052
565 1 1052
1717 1 1758
58 1 993
4 1 1141
672 1 1141
162 1 1141
2045 1 1141
2620 1 1141
691 1 1141
4 1 1036
672 1 1036
162 1 1036
2045 1 1036
2620 1 1036
691 1 1036
183 0 184
959 0 184
130 0 184
65 0 184
274 0 184
761 0 184
330 0 184
96 0 184
21 0 184
74 1 184
143 1 184
268 1 184
236 0 455
1183 0 950
1295 0 950
90 1 950
90 1 2317
1129 1 2094
181 1 2094
991 1 2094
481 1 2094
455 0 236
699 1 1194
1278 1 1194
2816 0 2798
2965 0 2097
2840 0 1854
2575 0 1950
94 1 750
146 1 750
94 1 748
146 1 748
146 1 1725
879 1 1682
1327 1 1943
3205 1 3303
1367 1 3303
19 1 1518
88 1 1971
32 1 1971
32 1 2288
2910 0 144
787 1 1989
56 1 875
120 1 875
119 1 1568
613 1 1568
56 1 1568
597 1 1568
119 1 2504
596 1 2504
56 1 2504
597 1 2504
119 1 3018
605 1 3018
56 1 3018
120 1 3018
597 1 3018
119 1 3028
605 1 3028
56 1 3028
120 1 3028
597 1 3028
449 1 2664
1224 1 2664
789 1 2664
449 1 2076
1224 1 2076
789 1 2076
694 1 1704
971 1 1704
57 1 1919
102 1 1919
122 1 1919
100 1 1919
99 1 1919
118 1 1174
20 1 3066
91 1 3066
203 1 3066
83 1 3066
636 0 1250
280 1 1250
1259 1 1250
85 0 1535
134 1 1535
157 1 1535
713 1 1535
152 1 1535
827 1 1340
1754 1 2382
1501 1 2384
2236 1 3177
136 0 485
212 0 485
1955 0 2237
3268 0 2237
2731 1 2237
945 1 2237
1142 1 2985
4 1 2447
672 1 2447
162 1 2447
2045 1 2447
2620 1 2447
691 1 2447
4 1 690
672 1 690
162 1 690
2045 1 690
2620 1 690
691 1 690
728 1 1103
2677 1 3114
2362 1 3114
928 1 2372
642 1 2372
1105 1 2338
1799 1 2338
928 1 2338
1800 1 2338
2752 0 2993
685 0 3262
1530 0 3262
1083 0 3262
90 1 3262
360 1 599
1891 1 3229
1397 1 3229
396 1 1540
1039 1 2364
1540 1 1924
396 1 1924
415 1 1924
181 1 1924
694 1 1924
2993 0 2752
104 0 1770
75 1 1443
407 1 2792
1544 1 1609
1157 1 1609
2393 0 3286
879 1 1487
909 1 1487
971 1 1327
909 1 2292
2200 1 2577
1367 1 2577
2950 1 2577
2013 1 3387
1291 1 2589
32 1 2493
88 1 1982
32 1 1982
148 1 457
1119 0 2534
300 1 2534
1253 1 2534
1241 1 2534
856 1 2534
1772 1 2534
493 1 2534
756 1 1045
787 1 1045
545 1 1045
533 1 1305
56 1 1305
119 1 1362
605 1 1362
56 1 1362
597 1 1362
119 1 3234
613 1 3234
56 1 3234
597 1 3234
119 1 3046
605 1 3046
56 1 3046
120 1 3046
597 1 3046
19 0 1630
150 1 1630
148 1 458
1489 1 1474
167 1 1474
187 1 1474
511 1 1358
585 1 1358
394 1 1358
951 1 1821
511 1 1359
585 1 1359
394 1 1359
951 1 2406
57 1 2468
102 1 2468
100 1 2468
1650 1 2468
99 1 2468
971 1 1652
523 1 2685
870 1 2221
879 1 2221
909 1 2221
902 1 1838
274 1 1838
541 1 1838
478 1 1851
2178 1 1851
199 1 1851
1082 1 1851
902 1 1851
836 1 1851
214 1 1502
448 1 1502
478 1 1015
199 1 1015
984 1 1015
836 1 1912
511 1 1941
1755 1 1941
585 1 1941
376 1 1941
394 1 1941
1493 1 1941
758 1 1941
1617 1 1166
1262 1 1166
156 1 1166
261 1 1166
567 1 1166
677 1 1166
836 1 2707
906 1 2707
1418 1 3383
1549 1 3383
585 1 2914
394 1 2914
677 1 2914
1744 1 1711
417 1 1711
418 1 1711
1711 1 1744
417 1 1744
418 1 1744
683 1 1562
1711 0 1561
417 1 1561
418 1 1559
685 1 2123
417 1 2123
683 1 2123
417 1 1785
683 1 1785
418 1 1785
525 1 502
379 1 502
525 1 1239
379 1 1239
58 1 990
58 1 986
2507 1 2497
2480 1 2497
1128 1 2497
1029 1 2497
2764 0 2963
123 1 912
486 1 912
360 1 912
107 0 84
1984 0 54
30 0 169
641 0 125
440 0 259
0 0 138
22 0 158
183 0 65
184 0 65
143 1 65
268 1 65
3 0 121
13 1 1782
699 1 2006
1278 1 2006
264 1 3102
295 1 687
94 1 1735
146 1 1735
1421 1 1739
910 1 1739
908 1 1739
511 1 2527
1131 1 2527
585 1 2527
394 1 2527
799 1 2527
1102 1 2527
2274 1 2527
1367 1 2967
2019 1 2995
473 0 129
179 1 129
178 1 129
1380 0 388
212 0 388
545 1 1582
924 1 1546
119 1 1787
596 1 1787
605 1 1787
56 1 1787
120 1 1787
597 1 1787
150 1 868
457 1 873
151 1 873
148 1 874
458 1 874
384 0 96
184 0 96
187 0 96
143 1 96
268 1 96
419 1 1330
118 1 1104
18 0 281
105 0 281
711 1 3246
712 1 3246
713 1 1612
1754 1 2391
1117 1 3063
1573 1 3063
1072 1 3063
153 0 520
683 1 1560
570 1 1560
417 1 1873
418 1 1873
417 1 2366
1076 1 2366
570 1 2366
418 1 2366
417 1 2156
570 1 2156
1052 1 2156
418 1 2156
416 1 2763
417 1 2763
1817 1 2763
570 1 2763
1444 1 2763
418 1 2763
417 1 2268
683 1 2268
1833 0 459
1826 0 459
1957 0 459
1232 0 459
2371 0 459
1252 0 459
1856 0 459
1547 0 459
1030 0 459
58 1 468
58 1 654
1382 1 2729
2508 0 3044
1105 1 3044
711 0 1318
360 1 1318
127 1 1318
912 1 1320
41 1 1320
146 1 1320
1369 1 2555
269 0 1478
268 0 477
2961 0 477
18 0 105
1626 0 545
2335 0 545
1782 1 2612
345 1 1585
1285 0 1294
1294 0 1285
1994 1 2541
2059 1 2541
244 1 888
2295 0 1801
511 1 1801
537 1 1801
585 1 1801
394 1 1801
1398 1 1801
64 1 1619
904 1 1619
431 1 1619
508 1 1619
307 1 1619
746 1 1619
1469 1 1619
19 1 1237
114 1 1237
19 1 1857
114 1 1857
473 0 470
179 1 470
178 1 470
785 1 2663
147 1 463
2534 1 2598
1119 1 2598
682 1 1112
777 1 1112
2647 0 3162
119 1 3122
597 1 3122
119 1 2705
605 1 2705
56 1 2705
120 1 2705
597 1 2705
119 1 2794
533 1 2794
605 1 2794
56 1 2794
120 1 2794
597 1 2794
119 1 1756
605 1 1756
613 1 1756
56 1 1756
120 1 1756
597 1 1756
119 1 2548
605 1 2548
56 1 2548
120 1 2548
597 1 2548
119 1 3100
597 1 3100
56 0 753
149 1 1274
151 1 1271
457 1 1272
150 1 1272
874 1 1272
457 1 1273
874 1 1273
149 1 461
7 1 1031
112 1 1031
1090 0 624
510 0 476
725 0 800
985 0 1041
800 0 725
1041 0 985
203 1 1242
1687 1 846
644 1 1663
42 1 1663
515 1 1663
517 1 1663
1259 0 857
157 1 857
156 1 857
29 1 1505
79 1 1505
90 1 1505
541 1 911
902 1 1685
212 1 1685
2237 0 1955
3268 0 1955
2445 1 1955
902 1 1955
541 1 1955
212 1 1955
214 1 1503
448 1 1503
827 1 1708
584 1 1071
331 1 1071
668 1 1071
1064 1 1677
1117 1 1677
1071 1 1677
826 1 1677
1573 1 2145
934 1 2145
1089 1 2170
478 1 2883
2178 1 2883
511 1 2883
199 1 2883
1082 1 2883
97 1 2883
91 1 2883
585 1 2883
81 1 2883
394 1 2883
758 1 2883
951 1 2883
953 1 1909
417 1 1946
570 1 1946
1520 1 2865
205 1 2865
869 1 2865
2168 0 1918
205 1 1918
869 1 1918
468 1 1084
990 1 1084
58 1 1084
3056 0 2904
2904 0 3056
3199 0 3236
3236 0 3199
74 0 143
268 1 143
183 0 141
65 0 141
143 1 141
268 1 141
959 0 130
274 0 130
761 0 130
384 0 130
184 0 130
96 0 130
894 0 130
21 0 130
143 1 130
268 1 130
3262 0 1121
685 0 1121
1530 0 1121
1083 0 1121
90 1 1121
912 1 1893
1318 1 1893
1320 1 1893
912 1 1892
956 1 1777
781 1 1671
775 1 1047
1539 1 1047
687 1 1110
2300 0 1940
530 0 177
244 1 177
95 0 146
244 1 146
47 0 133
879 1 2695
159 1 2176
2720 1 2176
1291 1 1793
473 1 452
129 1 452
179 1 452
178 1 452
32 0 164
32 0 243
32 0 200
32 1 867
32 1 872
32 1 398
170 1 328
682 1 1074
777 1 1074
596 1 1161
56 1 1161
873 1 1678
460 1 1678
78 1 2223
150 1 1679
966 1 2772
511 1 952
585 1 952
394 1 952
57 1 2370
102 1 2370
122 1 2370
100 1 2370
99 1 2370
476 0 275
510 0 275
476 0 253
510 0 253
476 0 283
510 0 283
1505 1 2272
379 0 918
300 1 918
257 1 541
212 1 541
2445 1 2454
902 1 2454
541 1 2454
2445 1 1593
902 1 1593
541 1 1593
212 1 1593
1697 1 2241
584 1 2427
1064 1 2427
1117 1 2427
1573 1 2427
429 1 3038
954 1 3038
1801 0 2295
1066 1 2295
23 1 2203
91 1 2203
79 0 601
77 0 601
126 1 601
219 1 601
83 1 601
3070 0 2442
1279 1 2442
634 1 2442
205 1 2506
869 1 2506
205 1 2328
869 1 2328
468 1 1099
986 1 1302
58 1 1383
2213 0 2273
81 1 2443
81 1 2320
90 1 2046
1039 1 2413
1590 0 480
1270 0 480
1463 0 480
1507 0 480
1598 0 480
1640 1 2990
1110 1 1415
244 1 695
1317 1 2409
1317 1 2220
910 1 1483
1682 1 2228
1953 1 2226
1317 1 2226
1703 1 2083
1683 1 2083
156 1 1234
32 1 2741
2414 1 2942
957 1 2205
499 1 2049
147 1 591
119 1 1306
56 1 1306
597 1 1306
119 1 1622
596 1 1622
56 1 1622
597 1 1622
119 1 2825
605 1 2825
613 1 2825
56 1 2825
120 1 2825
597 1 2825
119 1 2481
605 1 2481
613 1 2481
56 1 2481
120 1 2481
597 1 2481
119 1 1752
596 1 1752
605 1 1752
56 1 1752
120 1 1752
597 1 1752
2906 1 3074
457 1 1680
889 1 1681
1273 1 2224
868 1 2248
1678 1 2248
1272 1 2248
1679 1 2248
461 1 2249
2374 0 1608
107 1 1401
419 1 1401
806 0 769
194 1 769
769 1 1223
824 0 1497
769 1 1497
821 0 736
575 0 808
731 0 807
1556 0 805
863 1 805
769 0 806
476 0 618
510 0 618
589 0 766
811 0 801
832 0 1017
766 0 589
801 0 811
1017 0 832
477 0 2961
268 0 2961
54 0 1984
903 1 1835
727 1 1227
727 1 1091
727 1 1187
1255 1 1898
64 1 1834
280 1 1834
331 1 1834
2256 0 1762
1632 0 1762
1373 0 1762
525 0 1176
471 0 1176
836 0 893
212 1 893
212 1 1082
478 0 984
1058 0 984
199 0 984
367 0 984
356 0 984
212 1 984
478 0 1058
199 0 1058
984 0 1058
367 0 1058
356 0 1058
212 1 1058
1000 1 1872
1066 1 1419
511 1 1060
156 1 1060
512 1 1060
394 1 1060
904 1 2307
508 1 2307
156 1 2307
951 1 2307
417 1 1205
570 1 1205
418 1 1205
201 0 2631
1176 1 2631
229 1 2631
205 0 869
471 1 869
2588 1 2863
1279 1 2863
2258 1 2863
634 1 2863
2171 0 2767
636 1 2767
1279 1 2767
634 1 2767
585 1 3129
758 1 3129
2309 1 2909
1895 1 2909
249 1 2219
585 1 2219
758 1 2219
1975 1 2219
986 1 2439
162 1 1037
143 1 894
268 1 894
1009 0 1108
950 0 1183
1295 0 1183
90 1 1183
3262 0 1197
685 0 1197
1530 0 1197
1083 0 1197
90 1 1197
3262 1 2482
1108 0 1009
699 0 1278
274 1 1278
75 1 1278
761 1 1278
745 1 1235
745 1 1606
902 1 1606
274 1 1606
541 1 1606
699 1 1606
761 1 1606
1278 1 1606
345 1 1606
72 1 1606
745 1 1771
1235 1 1771
274 1 1771
334 1 1771
1460 1 1859
1415 1 2163
7 1 1929
2299 0 1981
2742 0 1981
146 1 870
39 0 908
244 1 908
94 1 909
146 1 909
146 1 879
41 0 910
244 1 910
879 1 1967
909 1 1844
910 1 2054
857 0 1259
307 0 1259
280 0 1259
229 1 863
19 0 882
1630 0 882
19 0 1149
1630 0 1149
19 0 1155
1630 0 1155
19 1 976
19 1 1228
114 1 1228
451 1 1233
452 1 1233
377 1 1789
129 1 1789
32 0 1218
1010 1 2847
2608 1 2945
970 1 1236
682 1 1236
777 1 1236
119 1 2231
533 1 2231
605 1 2231
56 1 2231
120 1 2231
597 1 2231
1272 1 1722
2224 1 2719
1272 1 2719
2248 1 2719
1679 1 2719
74 1 2722
143 1 2722
268 1 2722
82 0 1059
1150 0 942
57 1 2396
102 1 2396
100 1 2396
1650 1 2396
99 1 2396
636 1 2167
1498 1 2167
636 1 3259
1498 1 3259
1131 0 1219
956 0 1219
1102 0 1219
2274 0 1219
28 0 1220
1061 0 1220
1958 0 2198
1282 0 349
62 1 349
362 0 1153
634 0 2175
806 1 2175
159 0 348
639 0 1151
453 0 1152
1769 0 2191
1216 0 2174
624 0 1090
476 0 1602
510 0 1602
979 0 1132
1132 0 979
624 0 987
1506 1 2381
900 1 2381
727 1 1532
727 1 1544
727 1 1603
3066 0 3155
953 1 3155
570 1 3155
1572 1 2086
934 1 2086
961 1 1610
132 1 1610
961 1 3158
984 1 3158
97 1 3158
91 1 3158
585 1 3158
81 1 3158
945 1 3158
758 1 3158
951 1 3158
537 0 1398
157 1 1398
156 1 1398
417 1 1917
683 1 1917
417 1 2545
683 1 2545
1634 1 2341
1304 1 2341
417 1 2341
683 1 2341
456 0 2632
2631 1 2632
3194 0 2594
58 1 1360
4 1 1411
672 1 1411
162 1 1411
2045 1 1411
2620 1 1411
691 1 1411
1573 0 1646
928 1 1646
1590 0 1270
1463 0 1270
1507 0 1270
480 0 1270
1598 0 1270
1270 0 1590
1463 0 1590
1507 0 1590
480 0 1590
1598 0 1590
1590 0 1463
1270 0 1463
1507 0 1463
480 0 1463
1598 0 1463
1590 0 1598
1270 0 1598
1463 0 1598
1507 0 1598
480 0 1598
1590 0 1507
1270 0 1507
1463 0 1507
480 0 1507
1598 0 1507
906 1 1618
745 1 1600
1235 1 1600
699 1 2279
1278 1 2279
2178 1 1338
199 1 1338
1082 1 1338
836 1 1338
541 1 1338
945 1 1338
334 1 1425
407 1 1539
775 1 1407
1539 1 1407
2163 1 1591
2840 0 2635
1854 0 2635
2044 1 2671
1763 1 2671
97 1 1325
132 1 1325
94 1 1421
146 1 1421
94 1 1387
146 1 1387
879 1 1402
748 1 1402
910 1 1402
94 1 1267
146 1 1267
1262 0 1617
156 0 1617
280 0 1617
261 0 1617
567 0 1617
1617 0 1262
156 0 1262
280 0 1262
261 0 1262
567 0 1262
904 0 1469
508 0 1469
307 0 1469
64 1 1469
222 1 1469
157 1 1469
19 1 2287
114 1 2287
473 1 1528
129 1 1528
388 0 1380
932 0 1522
119 1 2491
596 1 2491
605 1 2491
56 1 2491
120 1 2491
597 1 2491
613 1 3325
1680 1 2484
186 0 1576
80 0 1436
764 0 1490
636 0 1498
194 1 1498
2310 0 3095
1223 1 3095
1531 0 1481
781 0 1481
975 0 1481
1661 0 2509
1770 0 2505
575 1 2505
808 1 2505
1291 0 1480
1153 1 1480
362 1 1480
2720 0 1479
62 1 1479
804 1 1512
1128 0 1513
2720 0 1513
2330 0 2584
476 0 1647
510 0 1647
220 0 1651
727 1 1660
1403 1 1659
1012 1 1659
133 1 1672
133 1 1666
1664 0 1670
1403 1 1988
1012 1 1988
1403 1 2348
1012 1 2348
1403 1 2717
1012 1 2717
379 0 2032
1851 1 1954
902 1 1995
541 1 1995
3240 0 1686
1066 0 1686
902 1 1686
222 1 1686
157 1 1686
156 1 1686
261 1 1686
2140 1 2458
13 1 2458
3242 1 2458
2804 1 2458
1051 1 2458
1697 1 2795
1428 1 2616
1377 1 2616
376 1 2616
945 1 2616
836 0 2178
2154 0 2178
762 0 2178
1058 1 2178
1082 1 2178
984 1 2178
2178 0 2154
836 0 2154
762 0 2154
1058 1 2154
1082 1 2154
984 1 2154
1427 0 1836
1428 0 1836
2178 1 1836
836 1 1836
478 1 2099
511 1 2099
984 1 2099
1617 1 2099
1262 1 2099
153 1 2099
585 1 2099
156 1 2099
261 1 2099
367 1 2099
73 1 2099
567 1 2099
394 1 2099
758 1 2099
1333 1 2929
1419 1 2159
2053 1 2159
2817 1 3148
1060 1 2025
951 1 2025
904 1 2024
508 1 2024
173 1 2024
156 1 2024
136 1 2024
212 1 2024
1469 1 2024
126 1 1696
83 1 1696
1239 0 1717
525 1 1717
1176 1 1717
471 1 1717
379 1 1717
2960 0 1755
1493 0 1755
585 1 1755
758 1 1755
3240 0 1863
585 1 1863
758 1 1863
1279 1 1737
1138 0 1895
1088 0 1895
1250 1 1895
636 1 1895
58 1 2079
990 1 1805
1382 1 2051
4 1 2045
1321 0 2931
906 1 2494
906 1 2098
64 1 1937
1235 1 1937
222 1 1937
911 1 1937
585 1 1937
1259 1 1937
394 1 1937
559 1 1937
951 1 1937
1609 1 2966
1603 1 2966
870 1 2701
453 1 1724
3322 1 1724
19 1 2000
114 1 2000
19 1 1796
114 1 1796
19 1 1922
19 1 1798
114 1 1798
89 0 1811
88 1 1811
180 1 1811
32 1 1811
56 1 1881
404 0 1839
421 0 1690
326 0 2179
327 0 2179
898 0 1719
898 1 1716
1253 0 1772
1026 0 1772
1259 1 1772
163 0 1871
545 1 1684
949 0 1688
423 1 1788
98 1 1788
248 0 2848
1059 1 2848
625 0 2084
133 1 1927
133 1 1914
1629 0 1849
585 1 1849
951 1 1849
1213 0 1985
205 0 1985
471 1 1985
1214 0 2202
456 0 2202
770 1 2202
2261 1 2202
201 1 2202
2631 1 2202
1755 0 2960
1947 0 2960
376 0 2960
1493 0 2960
1223 1 2960
1918 0 2168
1985 1 2168
1213 1 2168
205 1 2168
869 1 2168
1154 0 2186
232 1 2188
1775 0 2173
1846 0 2875
3259 1 2875
2175 1 2875
634 1 2875
1720 0 1874
1874 0 1720
1403 1 1809
1012 1 1809
1403 1 3137
1012 1 3137
331 0 2554
86 0 2830
565 0 2830
83 1 2830
1851 1 2435
541 1 2358
659 0 2294
711 1 2533
912 1 2533
864 1 2533
511 1 2331
1617 1 2331
1262 1 2331
585 1 2331
156 1 2331
261 1 2331
567 1 2331
394 1 2331
677 1 2331
758 1 2331
1955 0 3268
2237 0 3268
945 1 3268
417 1 2365
570 1 2365
418 1 2365
1388 0 2210
417 1 2210
683 1 2210
417 1 2266
683 1 2266
883 0 2476
1095 0 2476
636 1 2476
869 1 2476
1279 1 2453
3244 0 2522
205 1 2522
869 1 2522
205 1 2325
869 1 2325
2219 1 3230
212 1 3230
935 0 3331
366 1 3331
183 1 3331
1713 0 2997
2092 0 2997
1635 0 2997
1718 0 2997
459 1 2997
58 1 2617
1581 0 2549
4 1 2620
1540 1 2556
930 1 2556
396 1 2556
2134 1 2556
415 1 2556
437 1 2556
181 1 2556
694 1 2556
2576 1 2556
479 1 2556
1369 1 2556
455 0 2563
236 0 2563
585 1 2350
81 1 2350
732 1 2350
1258 1 2350
394 1 2350
758 1 2350
541 0 2445
945 0 2445
173 1 2445
212 1 2445
2966 1 3256
3286 0 2393
1764 1 2574
3069 0 2385
2118 0 2385
133 1 2385
3096 0 2296
362 1 2596
19 1 2252
114 1 2252
1797 1 2235
1114 1 2571
1789 1 2571
2835 1 3106
591 0 2388
1010 1 2332
735 0 2329
119 1 2517
605 1 2517
56 1 2517
120 1 2517
597 1 2517
119 1 2349
596 1 2349
533 1 2349
605 1 2349
56 1 2349
120 1 2349
597 1 2349
119 1 2615
533 1 2615
597 1 2615
1381 1 2657
494 0 2290
958 0 2440
1742 0 2440
692 0 2289
492 0 2559
1436 1 2559
2225 0 3135
419 1 2379
1629 0 2271
953 1 2271
1849 1 2271
770 0 2261
201 0 2261
1499 0 2660
883 0 2660
1095 0 2660
636 1 2660
1497 1 2660
1498 1 2660
1985 1 2660
1213 1 2660
824 1 2660
205 1 2660
869 1 2660
1252 0 2650
233 1 2649
2522 0 3244
1985 1 3244
1213 1 3244
205 1 3244
869 1 3244
1443 0 2212
412 0 2212
1443 0 2604
412 0 2604
118 1 2390
1759 0 2682
636 1 2682
1498 1 2682
781 1 2678
2186 1 2678
1481 1 2678
1154 1 2678
1665 1 1674
146 1 2688
154 0 2691
1966 0 2686
133 1 2686
90 1 2760
900 1 2760
2717 1 2766
1988 1 2766
2348 1 2766
3137 1 2766
984 1 2808
902 1 2808
585 1 2808
541 1 2808
367 1 2808
394 1 2808
1838 0 3337
911 1 3337
274 1 3337
1851 1 3337
2140 0 2804
1545 0 2804
1773 0 3260
153 0 3006
73 0 3006
132 1 3006
267 1 2781
2632 1 2781
456 1 2781
212 1 2781
478 1 2918
984 1 2918
153 1 2918
367 1 2918
73 1 2918
2781 1 2780
1547 1 2780
3039 1 2780
1042 1 2777
1086 0 2834
126 1 2834
20 1 2834
83 1 2834
986 1 2728
4 1 2894
672 1 2894
162 1 2894
2045 1 2894
2620 1 2894
691 1 2894
1996 0 2714
714 1 2714
90 1 2714
249 1 2737
3262 1 2737
91 1 2737
173 1 2737
136 1 2737
1530 1 2737
212 1 2737
569 0 2854
644 1 2843
42 1 2843
515 1 2843
517 1 2843
956 1 1856
781 1 1856
2646 1 1856
1417 1 2860
734 1 2857
1585 0 2811
1763 1 2933
2845 1 2933
750 1 2784
94 1 2784
146 1 2784
177 1 2751
94 1 2751
1325 1 2803
1705 1 2803
1327 1 2790
1396 1 2790
799 1 3009
19 1 2831
114 1 2831
2837 0 2809
914 0 2968
818 0 2718
403 1 2725
400 1 2725
255 1 2725
1475 0 2739
320 0 2871
2722 0 2710
74 1 2710
268 1 2710
2722 1 2710
1729 0 2802
1238 0 2936
2290 1 2936
2559 1 2709
1067 0 2813
2848 1 2813
1126 0 2935
3143 1 2935
1731 0 2814
57 1 2828
102 1 2828
100 1 2828
1650 1 2828
99 1 2828
57 1 3004
102 1 3004
100 1 3004
1650 1 3004
99 1 3004
57 1 2730
102 1 2730
100 1 2730
1650 1 2730
99 1 2730
1223 1 3008
233 0 2947
1221 1 2882
118 1 2923
575 1 2953
808 1 2953
1168 1 3078
1168 1 3134
2492 0 3019
171 1 3019
1547 0 3039
2178 1 3039
954 1 3039
13 0 3242
1051 0 3242
2140 1 3242
2804 1 3242
711 1 3195
3179 0 3073
984 1 3073
1617 1 3073
156 1 3073
280 1 3073
261 1 3073
567 1 3073
3180 0 3070
791 1 3070
64 1 3070
1617 1 3070
222 1 3070
157 1 3070
585 1 3070
156 1 3070
261 1 3070
1259 1 3070
567 1 3070
394 1 3070
758 1 3070
1419 1 3178
3073 0 3179
984 1 3179
1617 1 3179
156 1 3179
280 1 3179
261 1 3179
567 1 3179
3070 0 3180
791 1 3180
64 1 3180
1617 1 3180
222 1 3180
157 1 3180
585 1 3180
156 1 3180
261 1 3180
1259 1 3180
567 1 3180
394 1 3180
758 1 3180
1066 1 3142
2025 1 3142
1066 1 3144
2025 1 3144
35 0 3125
1160 1 3040
689 1 3040
417 1 3040
570 1 3040
418 1 3040
1250 1 3216
636 1 3216
585 1 3216
758 1 3216
1662 0 2703
990 1 3057
58 1 3057
4 1 3093
672 1 3093
162 1 3093
2045 1 3093
2620 1 3093
691 1 3093
2092 0 2747
1687 1 3204
90 1 3112
2385 0 3069
133 1 3069
1066 0 3240
1686 0 3240
2954 0 3240
511 1 3240
64 1 3240
1617 1 3240
222 1 3240
307 1 3240
1262 1 3240
157 1 3240
585 1 3240
156 1 3240
261 1 3240
1259 1 3240
567 1 3240
394 1 3240
758 1 3240
212 1 3240
1417 1 3165
2956 1 3257
2296 0 3096
19 1 3067
19 1 3058
783 1 3012
1641 0 3209
2663 0 3238
2426 0 3208
2269 0 3193
257 0 3265
1231 0 3265
512 0 3265
2115 0 3031
499 1 3027
499 1 3033
1350 0 3168
545 1 3249
119 1 3167
605 1 3167
613 1 3167
56 1 3167
120 1 3167
597 1 3167
966 0 3143
2440 1 3143
2315 0 3015
1466 0 3136
2084 1 3136
2318 0 3130
2802 1 3130
1730 0 3075
2936 1 3075
2268 0 3226
2364 0 3139
443 0 3139
1527 0 3139
1461 0 3139
1039 0 3139
1631 0 3131
2935 1 3131
2 1 3164
57 1 3185
102 1 3185
100 1 3185
1650 1 3185
99 1 3185
1247 0 3171
57 1 3171
102 1 3171
100 1 3171
1650 1 3171
99 1 3171
118 1 3219
118 1 3121
1066 1 3319
2025 1 3319
683 1 3289
1196 0 3324
90 1 3324
90 1 3299
2843 0 3334
1937 1 3336
1066 1 3336
1686 1 3336
1425 1 3336
19 1 3292
2831 1 3292
19 1 3294
19 1 3300
1944 0 3313
119 1 3316
596 1 3316
605 1 3316
613 1 3316
56 1 3316
120 1 3316
597 1 3316
257 0 3291
512 0 3291
119 1 3291
605 1 3291
56 1 3291
120 1 3291
597 1 3291
1936 0 3305
2802 1 3305
1837 0 3306
2802 1 3306
419 0 3340
1266 0 3310
941 0 3288
2017 0 3317
1185 0 3332
1401 0 3327
419 1 3327
3340 1 3327
3287 1 3327
1066 1 3371
2025 1 3371
3040 0 3348
417 1 3348
417 1 3347
570 1 3347
978 0 1583
3262 1 3356
1530 1 3356
19 1 3363
2831 1 3363
19 1 3374
19 1 3386
499 1 3382
499 1 3379
499 1 3381
2530 0 3372
3240 0 3358
1066 0 3358
857 1 3358
119 1 3389
56 1 3389
120 1 3389
597 1 3389
2349 0 3377
119 1 3377
596 1 3377
533 1 3377
605 1 3377
56 1 3377
120 1 3377
597 1 3377
